6,"$49,990","2014 Audi Q7 3.0T Premium Plus quattro","| 7,891 mi.","| Used"
